323323232222222221221212121212222222110000000001
121222222232322222222222222222222111111010000000
000000010100221111111121122222222111111111111110
001010010100220111111101022222223211011011010101
100001010010221111010010122222322211100001000010
010101010100221111011010123232232202110101001111
010101010110220111000100123222322222100001001211
010101101010231111000000122323232222110000002100
101010101010230111100000132322332222211011012000
010101010110231111000000123233213222200001012020
010101113321231111110000123222221232210000002121
010101133232221111100100132331231222210001012222
010101122233332111101010123232222232210001002112
010101321122332121110010123323212222210001001212
101101211112221111101101133232211122221111101121
010111211211222121111111123331010012210000000111
101001121122221211111101123210100101110001000111
011011222112221111111111133001010100010001001111
101010112121221211011011131010100100010001000112
010101112231231111222111121000101000000101101122
111011333333331111233110110000000000001111111122
121113333334430111222111121001010000010001001221
122233333234331112221111132200101001110101101221
111123333234331111010110132210010000220001002211
100123223223431100110101122201001001220001101110
111023322222431001001000122200100002211223333211
010122222213341000101000122200000001211023333333
110132322212432110010100122100001012100012232332
100132222222342210100002222100100013200011221211
111132322212332100010101133100000011200011110000
110132232221333201000001122100000001200101110101
111022122121232320011002342100000000212121110100
111101212221212122222212132100010000200011011010
100101222222111233232222133100011000210011110000
101010111000001133233222123100010001200111101000
100010001010000221111121113100011001200111100000
111111101001010111211212121201111000211110110010
333330000101000123232221244433421001323211010000
232320100100101122333322344444432101221200000000
333320001000100132322233333333342000112120010000
212110000010001033322334433333443000112233210010
212111000000100112223233344444444101211112331000
111310000100001011223343124444334301122223320000
112221010000100111112333212344443401222233331000
112122222221111111112232322344434421222223231000
121112322332221211111122233244343442222222321000
322322322232221012111223322234434443222222230000
322333232232222211013323212224433434222222231000
