343223444431011100100111100000111101123333333333
333223444320101010010121010010001110113233323333
433223344201111101100121000101010110012323333323
343223433110110101010012101001110111001233333333
433223331001011111001011110111011111010132323323
433222320101111110101011120111111111001123333333
433222200101111110010111221011111110100022332323
433222101010111111111223222111111111001012323332
433211000001011111133443432211111001001001333233
332211010100111112344344443321101100100101232332
332211000000011123334444444321100101001001233233
332110100101111233444444443432101010000100232323
222110001001012233344444444333110000100010223323
222111010001112334343444444443311010001001223232
221110100010112333434444444443321101000100223232
221110100100123333444444444444432100010001122323
211110100010222343434444444444343310000100223232
221110100111133334444444444444443211000010122232
212100100101222323334444444343323332100000112223
211110010111223333322334444443222232100010111222
212010001101223322121233443432211212111011100132
211110100100223112112223444332221212201111111022
121111100010233222223333344433333333311111110022
211111110100233332333333444334343333311010221013
121111101101234343434443344434444444310010122202
212101111011233434444434344344344443310101112112
121101011101234344444443344344444434310011112012
211001011111233434444434344334444443210111111112
111010101111233344444433444434344343200010101012
210000101110223334344343344434434433210111001022
111010100100132334443433444433443333101011100122
211000100110123333344443334334343332100101010012
111101001000022333334343333334333332101010001002
111010000010023233333434433443433332010111000101
111100010010012323333333334332233321010101010011
111110001000001333333232332332333321010111001012
111100000001000233333333333333333210001010100022
110000000000010123333333332333332200010101100122
110000100010000112333334334434332000001010110121
100110001000000122223334444343320000010101010121
001010010000001023322333433433310100001010110111
001101000010100113333233333332000010010101001111
011010101010001113333332323221000110001101010111
000001010111010123333333322221000100010101000111
000110101110011123333333333230000100001010110011
000010111101011133344333323321000010101100101010
001001101000112233343433333331000010010101010111
010001010011221234343343323331000010101100100022
