110011211121111001111000101100000000000000000000
111011212121111012222101012210100000000000000000
110002122121211112222100012111000100000000000000
121012212121121212122200121210010000000000000000
111002122122122222221101221210000000010000000000
121002221221211122222100212211000000000000000000
121002222122122122222100122100100100000000000000
121002222222211312212100222110000000000000000000
211002221221210232221010122212111000100000000000
122001222211000033211100233333433200001100000000
122002222100000004301212344344444410011100000100
122001221000000000211334343434344420111100100000
222002231000000000111233434444444431011100110000
212101221000000000010243434343444441001000100000
222101220000000000001244443443444443000000110000
222101220000010000000344344444344444100001110000
222100220001000010000344444444434444100000110000
222101220000000000000144444444433444300000100000
223101221000000000010034444434442444300000000000
223200221000000000000014343444432344310000000000
223101221000000100000014343444441344300001100000
233200221000100000000014444444443444400000100000
223201222000000000100002324444444443100110011001
232210222000000000000000213444444420000101001000
223210222100000010000011323444443320000100000000
223210222100010000001012232234343331000000000000
222210222100000000000002222234343331000000000000
323210222200000000000001333444334342000000000000
222310132200010001000001434443434332000000000000
222210122200000000001001333443433433100000000000
322320132210000000000001434343434333100000000000
222220122200001000000002334344344433100000000000
322310022210000000100101433444343333100000000000
222220122210000000000002343443444333200000000000
322320022210000100000002344343434333100000000000
222221022210000012100002334434344333100000010000
232221012210001233100001434334343333200000000000
222221012210001322100000343343343433100000000000
222221012210001121000000334333343333100000000000
222221012210000000000000243343334333200001000000
222221012210000000000000234333433332200000000000
222222002220000000000010133333343333200000000000
222221011210000000000000034334333333200000000000
122222001210000000000000033333343332300000000000
122122002220000100000000024333343333210000000000
122212001120000000001000023333333333310000000000
122122101211000000000000024333343323310000001000
122122001211000000000000013333343333310000000000
