444444444444444444444444444444444444444444444444
343343334333433343334333433433433433433433434343
334334343443344334434344343434343434344344343434
111111101011101110111101111111110110101110111010
001000010100000001000100000000000000000000000000
101010110101111101111011111010100122100010001000
101010101111010110101101011100102322210000000000
101010110101111111111111110110113233210001001000
111111111111111111111111111110023332220000001000
101111111112112121211111111111123323311000100000
010001001111212222122121121111123332110000001000
000100000000000001011111111111112211021010010000
000000000000000000000000000000022122112100001000
232222222111111101000000000000012223112100100000
333333333334333332332222221212102322101100010000
333333333333333333333333232323201221111200011000
334333334333333333333323323223101222332110000000
433434343434343333333332332332101123321000100010
343434343343333333333333333232201112110001011001
434343434334343433333333232332201101111110101011
343433434343433343333333323232201011101201110101
434344333433334333433321333232201001101012101110
433432222212233223333211332322101102101123310110
323221222222112222232133333332101023211143311011
212122222222112222121222232222101123111122310111
222222122211122121221112112222111032112111111011
212221222112122211112111111122111111111210110101
211111222122221211111111011112111111211101112311
111121222121212112111102212311120111111011113310
233322221112121112111012312311111111111011111111
333323212212211111110011321221210111111021111110
222322211212111221011111220111211111111011011111
221233211111001100132321221111101111111012101110
221333322111012111223223121211101111210111101110
323332322222232222222232121211101111110110101010
332222222232222122222322212111001111100101100100
323223222222222222222221221210010111010110110010
323222232222222322222112111111011010010111010000
332332322222121111001000000000101010111011001000
222111101000100000000000000000101101110111100100
111110000010000001010111111111011010101010101010
000101111111112111111111010010110101001011000001
322232222212111111100000000000000101110101000000
222211110100000000001000000100101111111010101010
000000000000000000000000000000011111010000000000
333323323232323232322232232222323322232322222222
444444444444444444444444444444444344444444444444
333343343434343434343434343434343443434344443443
