343344444444444434433234443333322222211110100000
443344444444443434442334444433322222121111010000
343343434444444333433344434333323212121111110100
343344344444443334433444443333322221111211111010
344334344444442334433443434333222121211111111100
343343434444433344434434343333222211111111111100
343334344444433344434344343332222121111111111010
344333444444443434434434334323221212111111111100
343434444444433343444343433332221111211112110101
344333444444443344343443443322222121111211111000
333344434443443434323434332222212111211111111100
344334444444444444433343321111111211111111111010
343444334444444444333433332222221111111111111000
334343434444444344433343222323322111111111111101
343344334444344443333333223332222111111111111010
334343334444444443212332222332222211111111111101
333343334444444444422322221222212111111111111100
334343344444444344433221221110111111111111111101
333434344434444443443112132111101212111111110100
343343444444343444422121223322112221211111011110
334343444344444444221212333332222222111111110101
334344434444444433211122333333232222111110111101
334333444434444432111122333332322221211111101010
333334334444444322111113333323222211111010110110
334334444434443322111112332322221211111101011010
333343434444434311221112323232221111110111101011
334334444343433321112002322222121211101010101011
333343343444333444211112322222121111111101101111
343434344434443443322222322221212111101011010110
334334334344343443322222232212121111111101101010
343333344434434343332222322221212111101011011011
332233334344334432222222222212111111111110101100
221233434434344332222222222221221211110111101111
212233343434343443211112122212121111111101010011
223233344343343433322112222122121111111111111101
333233343434434342222212222212112111111110101010
333224343443444343222121122212121111111111111110
333223344344434443332222222212112121211111110101
333323343434344344333221222211211112122121111111
333223434343443433333222121221212212121211111110
333323343434444343332222122121212121212111111111
333323343343334343332221211212222222212121111111
343223343333333434323221222222222212121212111111
333323434343323333322222222322222222222121121111
332223433433333333322221223232222222121221211111
322123343343333433322222222323322222222212121112
221123343434233333333221223233232222222222121232
212233334334323333322222222223332222222212212323
